.Random.seed <-
c(403L, 453L, -2033335524L, 28380326L, 1605839945L, 2118262214L, 
204405948L, 89737060L, -636035976L, 1412651375L, -640520171L, 
1981851566L, -1839852749L, 135960630L, 783868454L, 1535698892L, 
-543846434L, -916195596L, -778152751L, 1741971298L, 1922713738L, 
26550561L, 1475566968L, 1261773985L, 787719396L, 511753698L, 
1882446994L, 1908538917L, -1541207178L, -1076146891L, 1669877391L, 
-683632083L, -1124716523L, -551548323L, 1169505126L, 1465301915L, 
-1280325239L, 740230146L, 1400958561L, 1752499957L, -329957957L, 
-225576542L, -763679553L, -1776601341L, 1232450376L, 1547917846L, 
-1038626010L, 583684960L, -152105741L, -2049712974L, 1055011249L, 
-302870010L, -358827223L, 926499018L, -1995174342L, 1336629344L, 
878958627L, 2036710835L, -1342854847L, -1642407705L, -1162073646L, 
-1521795240L, 967356525L, -1426033079L, 678338014L, 1791155970L, 
-244484869L, -593972598L, 1133332568L, -1781277139L, -1239484711L, 
-1718268003L, -934830602L, -96272427L, -1396162391L, 547123857L, 
-979219059L, -1681433132L, -401789375L, -39757240L, 1634059044L, 
1654783547L, -1282935722L, 1734663993L, 557976538L, -1799015674L, 
-123526361L, -1235976984L, 68152431L, 507113426L, 529048360L, 
1756699002L, -427103083L, -50444629L, 1643924502L, 560931238L, 
801792526L, -1988715321L, -1910822432L, 190925467L, 1323781128L, 
-541818554L, -2079335712L, -1611365829L, -1262338459L, 1277268909L, 
515250143L, -178992575L, 1816341740L, 1816948453L, -57393765L, 
-741210888L, -862697789L, -1365769466L, 1742548827L, -902600391L, 
653156765L, -768267344L, 1799772573L, -1065616666L, -513873113L, 
150568205L, 1271953577L, -440601403L, 971421374L, -525881662L, 
-678275571L, -350659455L, -1067410164L, -194275274L, -228682435L, 
570954339L, 552417257L, -197883177L, -1794060144L, -561593058L, 
-909798988L, 1639854949L, 987022313L, -688456439L, 386639174L, 
1454766942L, -805716056L, 1475903117L, -922961076L, -553666658L, 
1770766910L, 617408645L, 1334191443L, -1461292976L, -1344701778L, 
-1599818874L, 1161447620L, 1176810648L, -335651695L, -1305538595L, 
-596301527L, 2088094953L, -1021928652L, 1048060010L, 203359184L, 
902952045L, -2048454235L, -332166346L, 763790276L, -518459859L, 
247336928L, 1031774379L, -1536049160L, 1303077771L, 132167579L, 
643809544L, 260417335L, -828893693L, 1704519655L, -999470636L, 
511880298L, 1458451826L, -1467288440L, -2035062871L, -2126337658L, 
370693628L, 1774116598L, 1595354582L, -1516488216L, 501048338L, 
35865586L, -90826337L, 1183363527L, 723580671L, 1002519535L, 
-582527286L, 1295093823L, -1533637111L, -673412919L, -1157609187L, 
326160112L, -1483045567L, -1747850082L, -869234571L, -1999046322L, 
-2106883853L, -491775402L, -849389276L, 1652066200L, 1977447112L, 
1423493094L, -373830444L, -1827985713L, 226736769L, 678887868L, 
-499282072L, -882957971L, -1340603492L, -473217306L, 883536953L, 
1937001077L, 968811182L, -1137055117L, -464854882L, -1657121729L, 
1394579405L, 1743886900L, -1226696708L, -2097210696L, -1595279671L, 
297458492L, -260211462L, 54655036L, 294675364L, 1049795703L, 
1627113077L, 1122672701L, 189549137L, 2079718753L, 305949391L, 
-1034553950L, 557785169L, -1437280274L, 282882997L, 1357932766L, 
1679567131L, -1828575840L, -526790462L, -1283316762L, 609110473L, 
-1729973645L, -422640292L, 965021054L, 1351892798L, -199428719L, 
1497834736L, -162949598L, -1203267477L, 921877784L, -682235499L, 
-1560392348L, -863461070L, 1581951910L, -1129734640L, 1593161238L, 
-1333849233L, -98104354L, -1178846145L, 1427909852L, 146891767L, 
-75521464L, 1874437021L, -1565662923L, 1966964533L, 971733409L, 
-464434380L, -1551854504L, 396972571L, -846831261L, 1379239865L, 
-870918473L, 1420524584L, 135215131L, -1162510634L, -1019132981L, 
863759004L, 766292225L, 2012126356L, -397728296L, -343468572L, 
-1882317579L, -1555496956L, -227847515L, -188480537L, -773986600L, 
-1150341482L, 777464357L, 30525879L, 1241340570L, 1704019363L, 
-1499324403L, -811801566L, -820094287L, 2384032L, 1490046358L, 
2088498251L, 542945894L, 1275025200L, -1569861926L, -1794522367L, 
-1454463657L, 2006804248L, -1078159438L, 785954818L, 81455025L, 
-2078664579L, 256726466L, 1486832946L, -918520374L, 927066907L, 
-2069820656L, -871199002L, -749800790L, 1484285125L, -1968483854L, 
-1567936037L, -537094267L, -1659672649L, 1781584045L, 1586433677L, 
1059915196L, -1761224812L, -357299621L, 632621557L, 1679562927L, 
55039523L, -1498827721L, -1311463234L, 55868913L, 1254362961L, 
1712984219L, 1235406737L, 571005643L, 1461749877L, -1790769969L, 
-1770075186L, -510606368L, 1954226786L, -774013219L, 1960784642L, 
1521288678L, -1477354202L, -1600776470L, -950052175L, 1705228399L, 
-52727222L, 2110600637L, -1387548433L, 704202501L, -929449479L, 
1387452289L, -160190664L, -1877125717L, 1486697434L, -1910008083L, 
-1800484275L, -214716746L, 599077540L, -578429381L, -1570649544L, 
-1693984218L, 1742309944L, 1862622867L, 265547459L, 1509201019L, 
1470213402L, 1302771365L, 1290318056L, -1516988976L, 1703475026L, 
1058168965L, 733634643L, -1862480842L, 773055597L, 1575453224L, 
670014624L, 234287305L, 1102578967L, -1560574146L, 1646949312L, 
1473371191L, 1405828071L, -502962692L, 2112426583L, -1269211001L, 
-981248929L, 688092833L, 975347449L, -1853792611L, -470180395L, 
2091253729L, -900978198L, 976039114L, -614597143L, 1647410935L, 
1618383424L, -2040298617L, 1956711703L, 467012051L, -1181379263L, 
-1207142150L, -220722932L, 1421551209L, 1090608172L, 1910582602L, 
-679442973L, -1677578043L, -1845894418L, -535655455L, 1656492006L, 
1638702082L, -937911888L, 630519045L, 1135126976L, -1604714620L, 
1754425954L, 66313084L, -164007730L, -1076146956L, -876593860L, 
-456685722L, -2056860217L, -1362537660L, -643713747L, -1790734143L, 
-592182288L, 1157660485L, -162713653L, 1463925475L, 1629939494L, 
-1586309679L, -1428615700L, -624948725L, -1149100742L, 1389116871L, 
-699518055L, 1522756649L, 343777899L, -168056635L, -233575226L, 
-1863153291L, -907881599L, 1561333956L, -912476443L, 1183784231L, 
-383318430L, -1868585677L, 1301661254L, -77151608L, -1705320932L, 
139556298L, 1254982047L, 576491402L, 1413347682L, 2060890473L, 
372654762L, -160501035L, 690549705L, -1933294868L, 117722977L, 
118560989L, -1691979619L, 541225605L, 1079218432L, -496252742L, 
-247002350L, 1723944841L, 18965143L, -756628740L, -1800198204L, 
-1298736313L, -2092968941L, -1418557612L, 1161562538L, -157687654L, 
1831506838L, -684379197L, 638639849L, 1956631098L, -481269085L, 
691160937L, -203443430L, -812795644L, -646623340L, 1925312492L, 
234448879L, -1075703812L, 956199291L, -1133851233L, 1503836834L, 
945994947L, -325336690L, 1131580321L, 1958497790L, -541156361L, 
1748688789L, -207328598L, -1805503507L, -1105107980L, 954558026L, 
-1199484446L, -1398046294L, -2090187554L, -977883745L, 492268861L, 
1755213506L, 632975308L, 1007249480L, 1291673133L, 872370845L, 
-336192871L, 1042878568L, 1095633275L, 1349600652L, -347719354L, 
1950041796L, 1241091401L, 1610958653L, 1372269502L, -602140790L, 
-1542761673L, 1049199213L, 2004814399L, -1582348228L, -803256884L, 
-1486619473L, -1041637513L, 488053059L, 941879534L, 1191114237L, 
1988062769L, -124367117L, -1561293584L, -572830069L, 638727266L, 
-1861923948L, 1521682814L, -704656969L, 1883567562L, -1949794137L, 
1481540188L, -636480658L, -1805767262L, 1667891320L, -1476700734L, 
-1649246501L, 980192019L, 1376542299L, -1788580661L, -43531037L, 
-634593044L, 1773246380L, -443145695L, 2021509977L, 341808041L, 
-1553927577L, -1144545698L, 1140366029L, -144134996L, -1852409035L, 
-848423793L, 1709537819L, 1780538900L, -737376776L, 308426392L, 
721096066L, -1308132076L, -1450481815L, -2144214943L, 1641061429L, 
-1177227926L, -1971739544L, -1877838071L, -1298691856L, -1633070360L, 
-1025313893L, 1265422834L, -1167599703L, 1468099853L, -348221519L, 
-685224049L, 859948477L, 427717021L, 1511267507L, -93233010L, 
503712220L, 834222055L, -1508595183L, 1078582496L, 1392354481L, 
1671145161L, -96100344L, 57063958L, 1227675200L, 772018289L, 
